1003.49
1020.77
1023.64
1011.74
899.11
895.595
874.198
860.884
857.37
851.914
820.742
837.671
833.671
834.701
825.529
829.428
820.316
830.115
835.872
833.529
813.387
806.073
697.245
696.902
692.902
686.659
705.973
703.831
718.316
706.902
709.973
713.144
715.245
797.428
801.186
785.144
848.156
850.6
863.428
843.872
850.943
848.6
874.742
965.37
967.127
986.299
982.784
997.855
1013.17
1022.88
1030.1
1009.96
1015.96
1006.98
1014.3
1010.3
1007.57
1001.81
999.973
998.257
1003.67
1000.7
1002.74
998.014
981.227
984.742
920.5
906.357
898.156
903.328
883.914
906.399
893.571
885.085
780.316
766.458
762.416
768.558
787.73
828.156
830.215
851.328
826.257
838.742
828.742
833.914
839.671
855.227
853.428
842.6
867.713
860.6
865.328
862.5
857.571
884.642
875.328
873.428
883.955
873.186
899.855
894.5
877.671
868.257
859.63
889.914
883.772
844.6
827.085
791.245
767.688
785.789
777.002
766.274
790.458
780.416
908.541
913.37
913.955
914.198
924.683
968.926
976.34
961.914
970.784
985.411
956.784
968.6
947.671
954.156
952.742
939.571
935.328
924.056
919.571
866.215
864.357
849.872
768.316
826.6
821.914
828.642
835.772
832.115
852.5
854.5
875.47
957.553
939.512
1069.94
1115.15
1128.42
1126.08
1122.67
1138.08
1127.55
1133.7
1160.81
1151.15
1151.01
1144.97
1143.35
1129.94
1112.04
1100.97
1096.04
1086.62
1086.08
1081.6
1082.52
1025.03
1025.41
999.897
983.127
968.34
933.026
918.701
895.813
877.529
856.073
830.943
815.831
818.659
819.245
945.612
970.281
977.169
1026.38
1147.29
1152.36
1156.57
1005.35
1001.65
1011.8
987.696
1012.28
998.968
1018.97
1056.91
1091.78
1098.47
1085.29
1098.42
957.169
946.926
920.825
886.441
864.6
853.085
835.772
807.973
787.588
772.174
762.316
767.73
785.286
827.328
1014.87
985.754
980.926
974.683
959.955
964.884
940.985
954.985
959.772
963.914
982.843
964.6
981.813
979.227
984.441
966.541
960.541
924.742
913.955
893.772
908.985
898.843
894.558
899.772
893.571
905.428
909.571
933.085
941.914
932.5
955.713
947.37
946.985
944.056
943.127
948.5
967.955
809.831
788.416
807.63
802.701
799.002
824.458
838.215
858.198
876.985
871.955
876.642
905.813
1056.97
1054.62
1062
1069.61
1065.51
1052.88
1056.78
1056.88
1040.5
864.416
862.759
852.96
832.517
986.215
860.132
846.132
801.103
782.86
753.99
740.333
657.647
628.233
628.434
618.291
625.362
629.848
640.676
639.948
652.09
666.676
699.304
713.889
725.404
734.233
808.032
821.446
840.902
869.286
877.286
889.671
898.6
901.186
997.772
996.357
988.742
977.63
942.357
974.299
941.772
928.073
939.387
937.387
955.571
956.115
1175.65
1191.6
1213.65
1216.52
1225.45
1226.52
1242.71
1241.7
1224.22
1230.47
1241.82
1210.36
1191.29
1181.01
1184.61
1179.88
1166.26
1129.34
1122.32
1109.25
1086.62
1101.39
1087.25
1082.04
1074.67
1107.19
1071.98
1071.55
1075.07
1103.35
1133.29
1134.42
1142.04
1152.04
1170.97
1179.15
1174.22
1188.87
1186.52
1185.55
1199.74
1192.48
1213.94
1204.87
1198.38
1230.32
1210.77
1230.52
1223.35
1224.42
1214.16
1213.98
1213.48
1210.75
1200.51
1197.29
1204.41
1199.13
1199.13
1211.08
1072.26
1097.82
1105.68
1070.57
1066.32
1053.88
1051.74
1050.18
1055.74
1026.18
1034.62
1037.29
1025.7
1031.07
1026.87
1021.21
1014.93
1008.14
1029.07
1020.48
1014.24
1003.61
1004.93
991.997
984.683
991.955
988.784
993.612
989.754
984.583
980.784
986.34
974.825
974.683
972.583
980.482
983.453
962.098
960.34
972.34
968.482
963.453
945.169
963.411
956.524
955.068
958.867
936.683
943.411
938.24
937.612
933.311
939.311
927.997
935.754
917.754
916.34
922.34
904.683
918.098
904.784
891.127
919.612
897.813
908.583
896.299
881.713
895.754
889.37
888.784
870.357
881.612
874.156
882.5
876.5
874.642
861.026
883.47
865.571
869.47
884.784
887.026
884.098
899.955
978.968
979.838
971.252
970.281
980.708
983.536
961.838
950.281
939.595
937.352
929.169
913.512
919.855
804.985
800.5
791.286
815.671
692.316
831.571
730.902
732.659
762.843
849.269
870.725
857.169
852.441
853.855
864.098
857.026
866.056
854.784
847.612
865.813
828.701
829.813
827.997
831.37
831.997
830.683
828.784
827.411
819.754
827.127
821.47
946.056
937.411
944.056
946.056
932.115
939.914
933.813
900.156
902.985
876.884
872.115
888.399
884.884
897.855
894.784
890.34
934.725
947.068
809.144
793.144
812.659
821.245
828.558
811.487
819.345
831.973
820.801
878.985
885.47
879.37
867.328
861.085
848.642
851.227
848.642
817.671
816.943
805.671
812.843
820.257
830.014
831.529
834.701
844.014
860.115
857.772
855.813
864.6
856.742
856.257
855.914
871.955
873.37
874.926
878.24
870.34
768.742
747.772
717.872
721.044
731.428
786.399
937.612
953.169
945.127
965.654
1013.74
1030.32
1047.29
1049.01
1053.15
1050.67
1090.95
1054.91
1050.81
1054.91
1071.64
1057.88
1058.61
1029.45
1017.45
1004.28
948.683
893.754
858.115
857.227
858.156
795.713
758.884
766.014
776.784
750.742
723.63
719.73
597.546
609.647
594.676
584.233
571.061
572.576
577.889
582.96
589.304
585.103
603.345
605.245
588.274
602.617
599.203
586.818
589.161
588.576
584.576
588.676
585.019
582.09
577.706
569.019
585.505
584.818
585.061
611.831
601.345
605.387
632.801
620.617
693.931
688.032
699.63
697.144
714.985
704.014
731.813
738.642
723.227
744.257
739.872
745.286
741.044
725.203
748.659
757.772
899.127
801.772
802.115
799.286
789.63
799.428
790.843
788.843
809.085
782.843
784.6
791.085
807.914
792.701
791.227
788.115
805.772
812.257
818.701
810.742
855.571
855.612
865.529
886.441
894.156
888.014
883.772
919.085
896.357
907.671
899.914
895.872
905.387
913.973
781.446
771.304
750.274
745.203
745.446
742.274
754.233
759.789
740.032
750.274
729.889
740.86
739.404
739.747
746.475
736.96
740.818
735.647
738.576
739.061
743.848
747.605
742.777
746.919
751.647
751.747
749.161
745.161
773.446
769.446
755.505
754.132
759.647
757.747
759.061
762.09
769.99
763.161
761.99
763.99
768.818
763.647
758.818
745.362
736.333
735.848
728.676
563.279
575.664
570.735
574.291
579.563
564.007
551.12
557.907
549.421
544.451
632.877
667.563
644.291
684.676
677.362
679.463
695.362
718.333
734.475
745.505
753.747
769.647
746.09
767.99
753.647
748.576
761.99
752.475
774.333
774.96
782.818
779.889
804.475
812.375
878.718
896.174
907.487
890.316
911.487
925.487
903.044
936.215
941.772
924.759
929.044
940.6
925.286
921.286
915.144
913.144
907.002
917.831
925.63
901.203
891.345
897.73
886.617
885.588
897.103
889.446
895.588
889.931
902.458
898.659
899.144
904.115
902.215
885.872
892.215
885.73
878.558
870.115
879.002
