2734.73
2755.36
2811.98
2834.23
2839.88
2860.95
2862.95
2728.04
2778.53
2542.12
2555.68
2636.89
2660.55
2483.43
2480.85
2911.01
2923.5
2890.18
2890.77
2723.13
2740.69
2721.86
2716.2
2727.47
2731.72
2699.78
2659.29
1939.26
1955.84
2025.2
1993.64
1982.33
1977.16
1862.57
1871.64
1878.67
1854.63
1809.18
1842.73
2043.54
2041.79
2121.44
2108.03
2148.8
2136.07
2271.57
2261.22
2233.33
2195.33
1957.89
2003.2
2039.58
2026.86
2008.71
1951.06
2071.87
2069.97
2020.17
2010.41
2025.93
1985.2
1925.89
1944.27
1884.53
1887.7
1884.29
1884.29
1880.87
1879.7
1881.5
1865.26
2041.79
2052.61
1948.23
1906.82
2111.87
2111.63
2129.87
2123.04
2138.05
2161.71
2179.95
2179.12
2192.92
2190.24
2096.25
2133.57
2137.27
2089.61
2234.86
2166.14
2113.17
2123.89
2083.27
2045.37
2056.4
2060.15
1994.45
2006.94
1979.97
1969.63
1972.21
1966.8
1904.31
1901.73
2019.04
2026.94
2334.81
2365.53
2442.22
2459.98
2467.83
2410.86
2421.49
2413.49
2501.73
2485.73
2496.16
2507.33
2448.55
2463.62
2394.7
2433.53
2423.39
2422.81
2448.56
2449.39
2394.86
2388.52
2476.08
2409.11
2377.81
2357.33
2502.82
2514.38
2506.72
2518.96
2477.55
2477.55
2471.55
2471.55
2481.65
2475.17
2480.48
2459.89
2417.95
2452.54
2331.08
2335.33
2356.98
2319.53
2352.25
2366.5
2511.47
2520.54
2441.02
2473.37
2315.37
2325.85
2339.75
2312.78
2265.71
2265.71
2245.91
2248.74
2274.5
2271.67
2338.84
2333.67
2338.64
2307.22
2224.8
2244.35
2254.6
2254.6
2132.7
2134.25
2123.73
2120.11
2088.66
2126.76
2078.31
2053.24
2024.76
2029
1997.83
2003.24
1889.34
1892.27
1932.61
1944.27
1979.48
2007.14
1896.61
1874.37
1967.73
1991.28
1985.63
1985.63
1980.8
1980.8
1903.48
1899.87
1991.81
1990.98
2154.3
2170.2
2167.95
2191.12
2175.57
2160.3
2167.85
2178.92
2135.41
2064.54
2153.02
2168.34
2184.44
2192.09
2265.83
2234.08
2332.32
2329.49
2286.08
2300.91
2306.66
2307.11
2285.88
2295.15
2161.27
2178.44
1905
1925.04
1674.19
1680.19
1685.36
1685.36
1854.71
1857.54
2084.84
2087.67
2208.14
2173.51
2319.57
2306.4
2466.24
2459.17
2452.93
2458.34
2469.03
2486.55
2623.5
2657.98
2853.97
2853.72
2814.65
2813.24
2823.06
2891.3
2901.4
2901.4
3478.28
3503.45
2811.66
2809.07
2764.1
2779.31
2855.66
2806.34
2745.35
2850.85
2855.19
2855.19
2618.76
2591.94
2623.73
2674.7
2415.55
2436.24
2298.34
2312.82
2252.24
2225.27
2219.27
2219.27
2003.69
2042.31
2275.47
2288.54
2195.91
2200.7
2232.11
2230.94
2327.91
2321.91
2332.15
2334.74
2257.43
2256.98
2207.73
2180.21
2243.27
2242.54
2490.28
2461.79
2623.68
2672.6
2676.02
2672.6
2616.66
2608.32
3120.91
3095.5
3110.81
3114.81
3263.54
3227.06
3225.48
3314.35
3283.04
3300.11
3408.45
3420.9
3439.34
3421.1
2627.46
2633.8
2557.07
2543.52
2468.69
2384.24
2376.49
2415.31
2379.43
2404.16
2231.21
2249.21
2119.27
2105.71
2056.14
2042.48
1825.48
1805.24
1797.83
1797.83
1954.05
1927.43
2138.24
2126.38
2250.14
2266.62
2114.44
2117.27
2069.33
2064.5
2075.33
2081.57
1959.18
1912.94
1858.41
1849.48
1853.14
1785.1
1794.61
1773.79
1866.31
1854.66
1852.07
1848.66
1804.56
1795.38
1819.73
1832.21
1922.11
1925.53
1805
1794.17
1752.61
1747.54
1755.16
1763.4
1808.41
1819.48
1848.66
1824.9
1852.11
1840.45
2087.43
2111.71
2030.05
2047.37
2032.54
2039.71
2025.04
2011.87
2135.28
2117.97
1996.86
2010.76
2067.87
2058.7
2139.38
2124.56
2149.77
2140.11
2101.02
2114.2
2166.38
2174.28
2098.4
2105.12
2137.12
2129.81
2091.22
2123.12
2134.44
2140.09
2089.77
2081.43
2127.75
2080.54
2070.15
2051.91
2119.71
2106.05
2102.5
2091.33
2155.81
2158.64
2219.51
2193.61
2168.98
2174.4
2167.79
2165.79
2175.07
2202.48
2098.96
2082.72
2128.48
2137.31
2043.57
2022.15
2228.58
2243.21
2243.59
2280.66
2065.89
2103.69
2012.48
2049.45
2059.45
2061.45
2085.01
2084.76
2169.39
2205.88
2302.3
2324.3
2969.61
2943.61
2941.67
2930.35
2942.25
2943.08
3252.12
3140.76
3302.72
3231.06
3218.11
3213.42
3383.55
3366.82
3422.39
3438.15
3467.56
3425.67
3531.41
3506.33
3446.45
3393.04
3393.62
3386.55
3469.62
3424.07
3388.17
3458.41
3449.24
3449.24
3457.93
3421.2
3388.61
3388.61
3231.88
3229.4
3060.93
3039.17
2877.78
2868.12
2855.53
2862.6
2790.56
2741.59
2394.24
2392.58
2057.43
2049.28
1950.29
1950.87
1964.53
1976.43
1982.67
1978.67
2105.97
2126.45
2214.64
2192.98
2249.35
2263.69
2669.78
2644.02
2650.32
2601.49
2612.66
2628.66
2569.71
2556.98
2535.61
2548.2
2715.68
2703.19
2744.79
2791.03
2668.81
2671.44
2660.61
2661.44
2546.44
2548.44
2237.15
2223.01
2159.53
2192.5
2031.99
2049.99
1976.54
1924.54
1932.78
1935.02
1938.44
1935.02
2086.96
2069.75
2188.96
2200.28
2587.98
2568.91
2804.11
2798.49
2780.59
2781.18
2823.04
2828.69
2910.95
2897.78
3552.05
3546.54
3611.32
3576.69
3566.77
3552.71
3588.37
3584.13
3701.44
3700.85
3645.97
3620.07
3660.76
3706.56
3532.3
3540.79
3424.83
3404.73
3412.38
3415.8
3283.8
3248.48
3219.96
3212.1
3007.33
2986.02
2731.12
2724.39
2556.8
2575.72
2575.04
2570.8
2544.17
2542.31
2628.78
2613.36
2613.36
