56447
56683
56688
55817
55817
55825
55821
54938
54956
54526
54487
54203
54189
53594
53578
52483
52453
52455
52452
51496
51481
51454
51456
50968
50964
50639
50634
50149
50159
50314
50278
49084
49079
48344
48353
48258
48247
47984
47981
47386
47361
47335
47332
47651
47635
48168
48167
48541
48539
49333
49326
49266
49219
49185
49186
49042
49066
49253
49252
48705
48665
48357
48336
48222
48221
48211
48209
48113
48103
47815
47809
47572
47560
47531
47511
46963
46967
46954
46956
46366
46354
46332
46324
46032
46043
46458
46446
46641
46643
46644
46612
46568
46559
46111
46082
45505
45511
45201
45222
44574
44572
44566
44566
44507
44509
44470
44466
44417
44402
44588
44571
44876
44880
44873
44870
45235
45237
45689
45685
45370
45365
45047
45038
44466
44452
44459
44459
44042
44050
43540
43547
43843
43844
44702
44690
45440
45428
45401
45401
45395
45396
45977
45981
46205
46200
46612
46615
47289
47294
47359
47315
47960
47963
48223
48210
48369
48373
48446
48449
48412
48404
48375
48371
48252
48255
47822
47824
47662
47657
47509
47490
47855
47843
47812
47811
47903
47888
47745
47755
47305
47284
46488
46477
45618
45605
45606
45606
43362
43370
42836
42809
42925
42916
43621
43616
43624
43604
43607
43602
43608
43608
44083
44073
44692
44704
44917
44903
44557
44564
43836
43895
43843
43843
43142
43145
42592
42582
42608
42605
41785
41807
40361
40377
40392
40393
38820
38818
37159
37158
35576
35579
34167
34161
34475
34476
34476
34475
36745
36737
38216
38194
40320
40313
42635
42627
44838
44827
44842
44845
46493
46487
49014
49003
50457
50465
50465
50465
51350
51360
51336
51337
51337
51329
50757
50743
49751
49745
48763
48748
48069
48079
48058
48062
46686
46686
44929
44930
43164
43156
41526
41527
40136
40135
40112
40113
38207
38212
35905
35903
35051
35047
34583
34580
34297
34304
34303
34307
34499
34489
33524
33506
34603
34601
39775
39765
43358
43338
43344
43351
45664
45663
47157
47164
47142
47142
48233
48239
48762
48755
48700
48703
49208
49192
49225
49227
49254
49264
49001
49011
48347
48330
48367
48370
47501
47480
46147
46146
42990
42999
41511
41516
41697
41717
41706
41705
39736
39747
38981
38978
38008
37997
36724
36702
35798
35813
35804
35799
34709
34711
33506
33482
32667
32670
32295
32296
32229
32235
32232
32235
32216
32217
32091
32094
32084
32080
32021
32021
31880
31877
31841
31836
32075
32088
33223
33217
34689
34688
35685
35691
36174
36167
36172
36173
36336
36336
36322
36316
36039
36031
35694
35690
35537
35539
35531
35529
35369
35372
35323
35324
35243
35236
35294
35310
35552
35547
35516
35525
35677
35681
35768
35754
35591
35601
35500
35499
35414
35409
35404
35402
35476
35485
35453
35453
35650
35643
35866
35863
36788
36797
36766
36762
37700
37712
37799
37786
37874
37867
38375
38381
39384
39373
39383
39384
40881
40886
45020
45009
46588
46587
47502
47484
48309
48301
48301
48301
49446
49425
50097
50067
50877
50871
51611
51590
51858
51846
51849
51856
51872
51860
51518
51474
51779
51799
51438
51418
50893
50887
50884
50880
50239
50246
50246
50245
49054
49051
47123
47130
44794
44787
44780
44782
42010
42012
39212
39172
36351
36352
35684
35676
34219
34208
34224
34222
37235
37238
43570
43582
46869
46853
47090
47086
46000
45990
46008
46014
45696
45711
47080
47072
48921
48902
48525
48522
46066
46058
46051
46051
42853
42834
39324
39272
37684
37661
38826
38832
42098
42099
42089
42089
42088
42089
45492
45477
49500
49487
51672
51672
53759
53748
53742
53741
55543
55556
56662
56650
56763
56750
56725
56717
56882
56812
56810
56812
57094
57111
56902
56916
56413
56402
55848
55849
55059
55055
55068
55070
54233
54235
52563
52565
51171
51177
48552
48551
46072
46066
46078
46075
47443
47430
47880
47865
47865
