1275.6
1285.29
1268.16
1260.77
1240.22
1230.57
1230.52
1249.35
1243.6
1242.77
1286.02
1246.91
1252.91
1296.95
1335.68
1267.09
1240.32
1277.55
1266.32
1234.38
1219.45
1220.38
1215.21
1203.8
1188.97
1210.77
1191.94
1214.81
1194.67
1210.67
1127.65
1161.11
1102.44
1115.13
1121.96
1136.97
1139.07
1105.41
1122.93
1122.44
1105.81
1111.13
1126.83
1122.34
1127.31
1156.08
1154.77
1139.45
1160.22
1148.36
1143.09
1168.95
1120.81
1093.35
1109.64
1166.85
1138.36
1130.22
1075.6
869.328
815.73
804.215
737.002
720.174
699.588
705.103
705.002
685.446
692.86
689.487
725.286
696.115
678.902
661.144
628.032
608.617
550.676
564.291
629.161
793.789
777.73
953.169
957.855
1035.45
1027.21
1086.38
1039.75
1085.51
1098
1071.31
1071.31
