1188.32
1204.87
1200.32
1158.14
1167.94
1135.75
1168.77
1208.24
1266.95
1251.07
1349.01
1345.11
1327.25
1312.44
1303.8
1331.6
1353.68
1293.31
1318.02
1346.81
1383.58
1393.19
1409.09
1389.05
1434.21
1408.99
1404.65
1408.16
1402.79
1436.31
1412.02
1384.51
1352.08
1372.28
1418.71
1384.18
1361.07
1048.11
1051.57
1103.65
1096
1141.07
1133.41
1129.07
1158
1155.41
1138.58
1042.64
1046.78
1210.97
1100.58
1137.01
1141.21
1185.98
1202.22
1168.87
1269.84
1295.09
1290.26
1307.64
1244.95
1276.51
1144.62
1167.65
1050.54
948.801
858.801
751.789
667.061
702.233
843.446
903.286
952.843
1009.23
1035.71
1073.41
1098.62
1115.45
1137.25
1063.17
1043.65
992.683
801.103
734.576
718.919
732.818
831.688
790.818
773.144
779.144
779.144
