12694
13032
13380
13253
13619
13937
14288
14825
15220
15507
15363
15530
15627
15668
15523
15879
15652
15823
16006
16122
16170
16206
16215
16155
16165
16089
15819
15512
15342
15446
15198
14855
14417
14597
14462
14440
13967
15228
14296
13558
12730
12178
11555
11630
12413
12642
12887
12268
12177
11438
10712
11043
11255
11521
11656
11789
12174
12085
11948
12106
11493
11099
10560
10220
9379
8577
7784
7223
7310
7708
7591
7813
8255
8592
8925
8958
8739
8515
8288
7796
7547
6982
6457
5549
5347
5638
5614
5451
5274
5090
5090
