1678.32
1681.54
1671.15
1655.84
1663.05
1655.88
1635.84
1649.01
1643.7
1624.38
1623.8
1611.45
1623.84
1597.31
1598.04
1609.84
1606.02
1598.77
1593.15
1597.92
1590.95
1585.19
1577.58
1573.48
1541.03
1554.35
1564.35
1546.1
1526.73
1528.89
1505.9
1507.9
1463.32
1462.73
1451.08
1438.97
1450.25
1443.56
1425.08
1421.86
1428.63
1410.83
1415.32
1395.8
1386.93
1374.93
1354.1
1351.13
1340
1334.16
1315.78
1316.26
1302.06
1292.31
1294.99
1280.36
1282.16
1273.54
1262.02
1264.61
1247.92
1240.95
1227.19
1212.51
1198.32
1189.92
1171.98
1156.91
1143.39
1150.57
1142.32
1149.25
1152.47
1165.78
1159.15
1155.88
1138.22
1147.54
1161.19
1177.34
1200.81
1237.98
1230.61
1264.51
1279.13
1289.38
1319.23
1327.68
1361.38
1371.86
1389.28
1410.25
1426.29
1435.08
1436
1447.56
1458
1472.49
1487.56
1472
1472.25
1499.08
1495.52
1523.76
1529.86
1519.18
1521.23
1543.96
1538.55
1532.65
1525.29
1524.81
1536.61
1555.19
1553.54
1547.39
1576.12
1561.74
1574.28
1574.24
1567.45
1560.87
1549.8
1551.21
1550.04
1596.32
1586.52
1590.18
1579.11
1579.11
