30400
30153
29961
29677
29348
29246
29130
28867
28968
28642
28315
28439
28128
28035
27942
27817
27719
27517
27483
27341
26886
26747
26678
26454
26464
26160
26125
25969
25735
25595
25549
25412
24883
24769
24617
24632
24452
24343
24367
24146
24024
24034
23859
23330
23303
23096
22959
22845
22759
22753
22581
22485
22401
22251
22038
21743
21590
21480
21284
21234
21178
20994
20907
20837
20733
20585
20552
20476
20597
20522
20500
20449
20509
20433
20493
20724
20836
20884
20981
21021
21300
21275
21513
21702
21934
22055
22175
22490
22605
22693
22998
23194
23467
23610
23788
24075
24259
24335
24923
25349
25346
25571
25781
25976
25998
26217
26435
26382
26575
26586
26859
26953
27094
26943
27087
27210
27144
27032
26800
26932
27092
26997
27004
27077
27085
26929
26985
27052
27168
27168
