9643
9545
9402
9308
9204
9012
8744
8574
8469
8403
8297
8255
8195
8153
8159
8175
8292
8428
8566
8726
8874
9074
9209
9354
9478
9656
9825
9910
9990
9978
9966
9941
9834
9736
9679
9640
9606
9706
9776
9904
10005
10125
10201
10215
10258
10313
10353
10351
10460
10485
10581
10608
10696
10766
10784
10858
10888
10880
10961
10976
11016
11025
11059
11106
11080
11093
11073
11087
10946
10758
10610
10504
10405
10267
10313
10449
10628
10815
11059
11205
11302
11372
11454
11460
11477
11537
11550
11567
11574
11634
11674
11716
11775
11719
11713
11689
11634
11588
11561
11511
11453
11336
11280
11193
10944
10746
10580
10428
10214
10045
9950
9871
9921
10009
10118
10196
10380
10512
10632
10762
10856
10954
11035
11154
11061
11095
11021
11023
10879
10781
10682
10633
10504
10344
10282
10159
9989
10098
10238
10210
10152
10046
9995
10068
10318
10715
11153
11529
11730
11831
11873
11922
11919
11906
11897
11892
11925
11820
11886
11890
11851
11800
11708
11533
11366
11282
11133
11098
10940
10864
10736
10636
10497
10366
10265
10104
10007
9975
9861
9817
9906
10111
10300
10473
10651
10865
11073
11162
11271
11332
11299
11264
11021
10807
10575
10508
10558
10598
10638
10690
10690
10731
10719
10689
10565
10454
10182
9804
9396
9124
8953
8933
8878
8712
8612
8838
8932
8890
8800
8715
8783
8829
8908
9009
9032
9118
9149
9177
9175
9234
9187
9188
9105
9051
9017
8855
8758
8770
8794
8813
8798
8836
8849
8920
8987
9026
9036
9085
9158
9192
9199
9199
9301
9355
9425
9421
9521
9585
9661
9688
9790
9850
9941
9946
10027
10079
10115
10161
10236
10256
10267
10265
10292
10276
10264
10228
10181
10120
10048
9939
9890
9732
9640
9516
9442
9286
9231
9120
9051
8943
8842
8782
8775
8793
8846
8884
8914
8970
9050
9140
9249
9331
9440
9521
9636
9740
9807
9870
9920
10010
9996
9975
10032
9976
9938
10047
10223
10468
10642
10727
10784
10825
10878
10921
11009
11012
11014
11088
11014
10971
10892
10819
10716
10668
10554
10505
10414
10327
10216
10129
10078
10065
9995
9951
9945
9957
9996
10008
10145
10252
10393
10491
10607
10705
10805
10831
10886
10927
10911
10885
10901
10924
10883
10874
10926
10904
10922
10925
10902
10898
10805
10756
10679
10688
10586
10512
10526
10415
10403
10316
10273
10299
10235
10142
10074
10034
9992
9924
9894
9821
9808
9782
9783
9770
9727
9691
9654
9656
9632
9571
9544
9504
9463
9433
9389
9367
9324
9292
9241
9190
9142
9112
9077
9032
9024
8966
8911
8872
8848
8798
8799
8734
8724
8692
8693
8644
8611
8587
8571
8572
8561
8516
8481
8428
8421
8387
8358
8335
8277
8234
8229
8190
8186
8132
8076
8033
8049
8026
7971
7924
7886
7869
7861
7874
7795
7752
7750
7733
7727
7724
7687
7674
7662
7664
7601
7584
7544
7462
7384
7355
7318
7261
7141
7115
7026
6962
6912
6904
6780
6628
6583
6731
6908
7078
7254
7410
7445
7447
7485
7532
7549
7506
7541
7573
7581
7556
7528
7567
7560
7542
7534
7535
7523
7475
7492
7504
7459
7480
7466
7477
7441
7428
7416
7413
7411
7358
7268
7174
7143
7199
7451
7408
7275
7363
7544
7641
7680
7622
7473
7323
7253
7194
7287
7266
7277
7216
7274
7286
7314
7326
7393
7408
7416
7412
7432
7341
7317
7370
7399
7440
7491
7550
7631
7697
7750
7767
7805
7768
7769
7721
7667
7624
7605
7648
7648
7507
7250
7421
8132
8436
8367
8346
8326
8462
8481
8452
8527
8544
8572
8564
8595
8598
8541
8558
8544
8526
8419
8376
8283
8196
8109
8011
7860
7708
7497
7294
7194
7035
6813
6637
6559
6487
6422
6400
6353
6324
6282
6162
6154
6137
6082
6085
6089
6060
6104
6079
6089
6035
6005
6035
6003
6021
6031
6057
6130
6170
6241
6248
6318
6367
6471
6507
6675
6810
6866
6863
6925
6958
7069
7156
7231
7349
7416
7493
7461
7492
7477
7483
7471
7422
7398
7348
7315
7239
7141
7086
7045
7025
6972
6994
7004
6981
6968
6977
7014
7050
7082
7104
7171
7244
7303
7349
7448
7505
7623
7678
7803
7895
7973
8023
8040
8091
8123
8134
8130
8153
8188
8140
8164
8108
8085
8082
8018
8023
7991
7904
7904
7887
7877
7813
7819
7845
7793
7836
7815
7810
7761
7817
7719
7808
7751
7750
7715
7695
7703
7671
7694
7683
7673
7646
7643
7664
7607
7618
7598
7565
7512
7455
7423
7376
7364
7338
7271
7185
7134
7049
6997
6928
6888
6892
6862
6822
6794
6773
6820
6855
6892
6876
6997
7026
7094
7176
7187
7197
7311
7312
7374
7444
7499
7588
7730
7824
7894
7971
7918
7926
7923
7874
7862
7906
7855
7850
7819
7844
7803
7806
7734
7772
7733
7687
7676
7633
7615
7560
7474
7485
7430
7382
7334
7321
7270
7249
7210
7161
7211
7198
7148
7127
7112
7119
7080
7103
7112
7100
