9763
9698
9520
9416
9300
9205
9047
8767
8562
8494
8425
8356
8257
8221
8168
8169
8167
8313
8388
8573
8700
8888
9055
9223
9358
9504
9660
9804
9901
10023
9998
10002
9941
9847
9728
9685
9633
9622
9695
9785
9871
10007
10124
10198
10224
10275
10297
10347
10385
10450
10502
10567
10634
10693
10766
10841
10873
10916
10921
10962
10989
11012
11032
11058
11088
11094
11113
11099
11076
10955
10782
10632
10499
10382
10289
10336
10457
10667
10834
11020
11203
11304
11384
11484
11508
11515
11558
11532
11552
11570
11601
11707
11754
11755
11715
11699
11683
11651
11600
11575
11519
11478
11387
11286
11146
10963
10746
10605
10438
10222
10050
9908
9834
9862
9982
10122
10195
10391
10536
10676
10772
10852
10969
11045
11137
11085
11074
11034
11008
10895
10802
10668
10587
10480
10362
10273
10149
10014
10096
10213
10210
10164
10027
9967
10058
10306
10754
11168
11526
11766
11820
11869
11934
11949
11952
11944
11933
11896
11856
11905
11899
11863
11813
11682
11552
11408
11276
11215
11102
10989
10856
10755
10628
10503
10419
10256
10124
10042
9959
9834
9788
9919
10143
10319
10487
10715
10948
11107
11241
11287
11357
11334
11290
11082
10861
10627
10563
10566
10654
10684
10680
10749
10769
10750
10713
10645
10483
10238
9841
9417
9158
8970
8959
8884
8752
8627
8846
8968
8868
8801
8749
8774
8858
8903
9024
9048
9103
9164
9171
9207
9237
9227
9180
9117
9079
9025
8858
8785
8799
8834
8817
8800
8827
8876
8952
9013
9040
9076
9118
9163
9204
9219
9235
9303
9362
9402
9444
9505
9583
9672
9724
9811
9875
9914
9994
10078
10108
10164
10212
10245
10279
10305
10311
10299
10277
10258
10197
10168
10139
10023
9926
9844
9756
9630
9508
9431
9326
9247
9148
9065
8967
8843
8771
8754
8781
8821
8880
8916
8982
