1037.28
997.762
970.791
946.063
945.377
850.607
830.808
816.08
819.737
810.039
802.725
799.411
781.512
783.026
776.926
778.642
775.227
786.056
787.813
791.127
787.328
780.784
783.026
660.357
663.428
657.428
664.357
659.085
662.014
676.156
659.671
675.186
667.085
696.5
750.884
746.742
762.985
834.725
829.654
812.884
810.926
809.169
809.955
829.169
906.039
922.423
933.938
934.181
947.938
964.808
959.495
955.737
959.252
961.696
959.453
970.867
967.796
958.825
955.754
956.683
964.198
963.512
957.269
956.825
960.583
960.725
951.169
876.482
858.441
857.997
854.24
849.411
854.583
842.382
836.725
746.399
726.985
713.713
730.5
764.198
783.37
788.683
783.754
783.612
789.955
803.855
799.026
789.37
797.855
800.34
796.299
811.897
812.825
820.039
815.068
819.21
824.867
830.968
824.34
839.068
823.512
829.37
842.683
840.583
840.683
837.311
824.583
828.541
796.926
779.127
754.198
743.914
742.156
742.5
737.328
752.056
746.399
857.938
849.796
868.767
880.08
879.11
924.281
926.281
922.767
920.909
921.11
916.382
923.553
920.382
924.725
908.624
899.453
898.382
894.583
881.21
819.612
817.227
815.754
811.897
767.754
778.098
780.583
787.37
786.541
797.47
817.269
836.482
877.737
894.909
1003.92
1058.31
1057.38
1071.72
1069.92
1075.92
1088.41
1077.82
1076.02
1095.44
1080.75
1077.58
1085.68
1070.61
1059.68
1050.51
1028.65
1032.36
1028.51
1009.68
997.921
985.009
961.193
949.252
934.867
917.696
897.453
879.026
854.725
831.411
809.713
784.642
776.299
780.642
801.269
893.453
908.767
922.222
959.98
1070.55
1096.83
1101.18
940.85
939.879
937.436
937.779
938.365
941.921
948.85
987.678
1017.23
1023.48
1030.65
1036.79
911.737
895.98
866.281
844.139
829.654
800.24
783.269
769.813
739.571
734.156
723.813
727.127
750.642
774.098
950.507
953.335
925.352
920.566
916.181
908.039
905.796
910.039
910.968
925.453
924.281
924.867
928.039
925.696
923.453
911.453
906.281
876.725
864.139
865.311
854.24
859.068
850.825
851.411
862.825
869.411
865.997
870.482
888.139
882.725
891.21
891.11
902.482
903.311
904.968
914.725
920.039
766.843
763.772
758.701
761.813
770.257
786.5
787.955
816.156
813.169
827.37
836.098
849.997
1000.36
996.323
1002.12
1005.88
1011.25
999.938
1007.15
1004.38
990.181
989.21
977.754
812.458
803.63
933.269
917.47
800.943
770.115
748.115
733.387
716.801
602.86
582.96
577.304
576.96
573.889
575.647
611.345
618.274
626.274
638.517
659.245
686.759
